4294967279,265
4294967279,344
4294967279,258
4294967278,285
4294967278,290
4294967279,569
4294967278,406
4294967279,567
4294967279,562
4294967278,39
4294967278,38
4294967278,37
4294967278,36
4294967278,35
4294967278,34
4294967278,33
4294967278,32
4294967278,31
4294967278,30
4294967278,29
4294967278,28
4294967278,27
4294967278,26
4294967278,25
4294967278,24
4294967278,23
4294967278,22
4294967278,21
4294967278,20
4294967278,19
4294967278,18
4294967278,17
4294967278,16
4294967278,15
4294967278,14
4294967278,13
4294967278,12
4294967278,11
4294967278,10
4294967278,9
4294967278,8
4294967278,7
4294967278,6
4294967278,5
4294967278,4
4294967279,132
4294967279,131
4294967279,130
4294967279,129
4294967279,128
4294967279,127
4294967279,126
4294967279,64
4294967279,63
4294967279,62
4294967279,59
4294967279,57
4294967279,56
4294967279,55
4294967279,53
4294967279,52
4294967279,50
4294967279,49
4294967279,48
4294967279,47
4294967279,45
4294967279,42
4294967279,41
4294967279,39
4294967279,36
4294967279,34
4294967279,31
4294967279,29
4294967279,27
4294967279,25
4294967279,24
4294967279,22
4294967279,19
4294967279,18
4294967279,16
4294967279,15
4294967279,13
4294967278,396
4294967278,384
4294967278,365
4294967278,49
4294967278,260
4294967279,67
4294967278,405
4294967278,349
4294967279,239
4294967279,343
4294967279,335
4294967278,202
4294967279,557
4294967278,201
4294967279,553
4294967278,193
4294967278,192
4294967278,189
4294967278,184
4294967279,183
4294967279,182
4294967279,179
4294967279,177
4294967278,175
4294967279,334
4294967278,173
4294967278,357
4294967278,170
4294967278,168
4294967279,167
4294967278,312
4294967278,310
4294967279,160
4294967279,290
4294967279,304
4294967279,150
4294967278,147
4294967278,146
4294967279,145
4294967278,143
4294967279,296
4294967278,140
4294967278,138
4294967278,288
4294967279,282
4294967279,279
4294967278,274
4294967279,278
4294967278,350
4294967279,264
4294967278,267
4294967279,275
4294967278,132
4294967278,131
4294967278,130
4294967278,129
4294967278,128
4294967278,127
4294967278,126
4294967278,125
4294967278,123
4294967278,122
4294967278,121
4294967278,120
4294967278,119
4294967278,118
4294967278,117
4294967278,116
4294967278,115
4294967278,114
4294967278,113
4294967278,112
4294967278,111
4294967278,109
4294967278,108
4294967278,107
4294967278,106
4294967278,105
4294967278,104
4294967278,103
4294967278,102
4294967278,101
4294967278,100
4294967278,99
4294967278,98
4294967278,97
4294967278,96
4294967278,95
4294967278,94
4294967278,93
4294967278,92
4294967278,91
4294967278,90
4294967278,89
4294967278,87
4294967278,86
4294967278,85
4294967278,84
4294967278,83
4294967278,82
4294967278,81
4294967278,80
4294967278,79
4294967278,78
4294967278,77
4294967278,76
4294967278,75
4294967278,74
4294967278,73
4294967278,72
4294967278,71
4294967278,70
4294967278,68
4294967278,67
4294967278,66
4294967278,65
4294967278,64
4294967278,63
4294967278,62
4294967278,60
4294967278,59
4294967278,58
4294967278,57
4294967278,56
4294967278,55
4294967278,54
4294967278,53
4294967278,50
4294967279,174
4294967279,66
4294967279,65
4294967279,61
4294967279,60
4294967279,58
4294967279,54
4294967279,51
4294967279,46
4294967279,44
4294967279,43
4294967279,40
4294967279,38
4294967279,37
4294967279,35
4294967279,33
4294967279,32
4294967279,30
4294967279,28
4294967279,26
4294967279,23
4294967279,21
4294967279,20
4294967279,17
4294967279,14
4294967279,543
4294967279,12
4294967279,11
4294967279,10
4294967279,8
4294967279,4
4294967279,9
4294967279,257
4294967279,342
4294967279,7
4294967279,6
4294967279,568
4294967278,259
4294967278,174
4294967278,0
4294967279,5
4294967278,258
4294967278,257
4294967279,565
4294967279,564
4294967278,332
4294967279,523
139,6
4294967278,369
139,5
4294967279,521
139,4
139,3
139,2
139,1
4294967279,520
4294967278,124
4294967279,250
4294967279,249
4294967278,250
4294967278,246
4294967278,244
4294967294,1421
4294967279,243
4294967279,241
4294967278,238
4294967279,235
4294967278,271
4294967294,187
4294967294,399
4294967294,1176
4294967294,1173
4294967294,415
4294967294,398
4294967294,183
4294967294,461
4294967294,119
4294967294,453
4294967294,458
4294967294,184
4294967294,175
4294967294,405
4294967294,450
4294967278,110
4294967279,230
4294967279,225
4294967279,223
4294967278,220
4294967278,221
4294967278,218
136,6
136,5
4294967278,216
136,4
136,3
136,2
136,1
4294967278,391
4294967294,1101
4294967279,207
4294967279,559
4294967279,206
4294967279,205
4294967294,1422
4294967294,81
4294967294,50
4294967279,555
4294967279,554
4294967294,38
4294967294,37
4294967294,36
4294967294,39
4294967278,194
4294967279,194
4294967279,193
4294967279,192
133,5
133,4
4294967279,191
133,3
133,2
133,1
4294967278,187
4294967279,187
4294967278,361
131,6
4294967294,1423
4294967278,69
4294967278,345
4294967279,313
131,5
131,4
4294967278,178
131,3
131,2
131,1
4294967278,61
4294967279,176
4294967278,344
4294967278,316
130,5
130,4
130,3
130,2
130,1
4294967278,169
4294967278,343
4294967294,115
4294967279,165
4294967278,163
4294967279,161
4294967279,163
129,5
4294967278,162
129,4
4294967279,162
129,3
129,2
129,1
4294967278,161
4294967278,160
128,5
4294967279,155
128,4
128,3
128,2
128,1
4294967278,154
4294967279,153
4294967294,2
4294967279,152
4294967278,296
4294967279,149
4294967294,1014
4294967294,1004
4294967279,341
0,5
4294967294,396
4294967294,178
4294967294,407
4294967294,179
4294967294,109
4294967294,189
4294967294,464
4294967294,118
4294967294,412
4294967279,340
4294967279,540
4294967294,40
4294967294,94
4294967278,275
4294967279,545
4294967294,96
4294967279,529
4294967294,91
4294967294,90
4294967294,87
4294967294,86
4294967294,85
4294967294,84
4294967294,53
4294967294,1175
4294967294,28
4294967294,419
4294967294,1174
4294967294,1017
4294967294,1018
4294967294,1
4294967294,25
4294967294,45
4294967294,427
4294967294,8
4294967294,9
